{"articles": [{"title": "The Three Laws Of Good Project Roadmapping", "slug": "the-three-laws-of-good-project-roadmapping", "url": "https://understandinggroup.com/ia-practice/the-three-laws-of-good-project-roadmapping", "category": "ia-practice", "char_count": 4096, "primary_persona": "ben", "secondary_personas": ["laura"], "pain_points": ["product-decisions", "organizational-alignment"], "answers": ["how-do-we-structure-this"], "concepts": ["roadmapping", "blueprints"], "format": "how-to", "related_articles": ["four-objections-developers-have-about-information-architecture", "bring-innovation-back-to-agile-by-adding-information-architecture", "how-conceptual-models-avoid-failure-in-digital-projects"]}, {"title": "Three Guidelines For Making Useful Taxonomies", "slug": "three-guidelines-for-making-useful-taxonomies", "url": "https://understandinggroup.com/ia-practice/three-guidelines-for-making-useful-taxonomies", "category": "ia-practice", "char_count": 7631, "primary_persona": "sue", "secondary_personas": ["laura"], "pain_points": ["digital-strategy", "organizational-alignment"], "answers": ["how-can-i-make-it-better"], "concepts": ["taxonomies"], "format": "how-to", "related_articles": ["information-architecture-and-incremental-website-improvement", "ia-in-a-world-of-bullsht", "talking-about-tugs-modeling-for-clarity-workshop"]}, {"title": "Reimagining Collaboration A Playful Approach To Facilitating Our In Tension Alignment Workshop", "slug": "reimagining-collaboration-a-playful-approach-to-facilitating-our-in-tension-alignment-workshop", "url": "https://understandinggroup.com/ia-practice/reimagining-collaboration-a-playful-approach-to-facilitating-our-in-tension-alignment-workshop", "category": "ia-practice", "char_count": 12426, "primary_persona": "sue", "secondary_personas": ["ben"], "pain_points": ["organizational-buy-in", "team-integration"], "answers": ["how-will-your-team-integrate"], "concepts": ["modeling", "alignment", "in-tension"], "format": "case-study", "related_articles": ["intension-modeling-gains-alignment-1", "talking-about-tugs-modeling-for-clarity-workshop", "talking-about-tugs-information-architecture-staycation-workshop"]}, {"title": "Applying A Service Design Lens To Information Architecture Practice", "slug": "applying-a-service-design-lens-to-information-architecture-practice", "url": "https://understandinggroup.com/ia-practice/applying-a-service-design-lens-to-information-architecture-practice", "category": "ia-practice", "char_count": 10402, "primary_persona": "sue", "secondary_personas": ["laura"], "pain_points": ["cross-channel-concerns", "team-integration"], "answers": ["how-do-i-deal-with-cross-channel"], "concepts": ["service-design", "blueprints"], "format": "thought-leadership", "related_articles": ["help-your-product-managers-succeed-with-blueprints", "good-web-design-creates-joyful-user-experiences", "four-objections-developers-have-about-information-architecture"]}, {"title": "Beyond Jargon The Power Of Plain Language In Information Architecture", "slug": "beyond-jargon-the-power-of-plain-language-in-information-architecture", "url": "https://understandinggroup.com/ia-practice/beyond-jargon-the-power-of-plain-language-in-information-architecture", "category": "ia-practice", "char_count": 10261, "primary_persona": "laura", "secondary_personas": ["sue"], "pain_points": ["digital-strategy", "trust-building"], "answers": ["how-can-i-make-it-better"], "concepts": ["plain-language"], "format": "how-to", "related_articles": ["plain-language-model-amp-guide", "iac2023recap", "why-do-we-still-build-websites-like-its-1999"]}, {"title": "Learn About The Three Core Tenets Of Information Architecture With Dan Klyn", "slug": "learn-about-the-three-core-tenets-of-information-architecture-with-dan-klyn", "url": "https://understandinggroup.com/ia-practice/learn-about-the-three-core-tenets-of-information-architecture-with-dan-klyn", "category": "ia-practice", "char_count": 6954, "primary_persona": "sue", "secondary_personas": ["ben"], "pain_points": ["ia-understanding"], "answers": ["how-is-ia-different-from-ux"], "concepts": ["otc", "ia-foundations"], "format": "framework", "related_articles": ["talking-about-tugs-information-architecture-staycation-workshop", "ia-in-a-world-of-bullsht", "bring-innovation-back-to-agile-by-adding-information-architecture"]}, {"title": "Help Your Product Managers Succeed With Blueprints", "slug": "help-your-product-managers-succeed-with-blueprints", "url": "https://understandinggroup.com/ia-practice/help-your-product-managers-succeed-with-blueprints", "category": "ia-practice", "char_count": 4990, "primary_persona": "ben", "secondary_personas": ["sue"], "pain_points": ["product-decisions", "team-integration"], "answers": ["how-will-you-work-with-my-dev-team"], "concepts": ["blueprints"], "format": "how-to", "related_articles": ["making-use-of-blueprints-to-improve-your-agile-projects", "information-architecture-is-a-best-practice-now-so-bring-on-the-metrics", "how-conceptual-models-avoid-failure-in-digital-projects"]}, {"title": "Managing Conceptual Debt Using Modeling To Gain Understanding 1", "slug": "managing-conceptual-debt-using-modeling-to-gain-understanding-1", "url": "https://understandinggroup.com/ia-practice/managing-conceptual-debt-using-modeling-to-gain-understanding-1", "category": "ia-practice", "char_count": 2740, "primary_persona": "ben", "secondary_personas": ["sara"], "pain_points": ["product-decisions", "organizational-alignment"], "answers": ["how-do-we-fix-this-mess"], "concepts": ["conceptual-debt", "modeling"], "format": "thought-leadership", "related_articles": ["five-ways-to-tell-if-you-suffer-from-conceptual-debt", "how-conceptual-models-avoid-failure-in-digital-projects", "talking-about-tugs-modeling-for-clarity-workshop"]}, {"title": "Model Play Session 2 Relationships Of Books Within Your Home", "slug": "model-play-session-2-relationships-of-books-within-your-home", "url": "https://understandinggroup.com/ia-practice/model-play-session-2-relationships-of-books-within-your-home", "category": "ia-practice", "char_count": 2850, "primary_persona": "sue", "secondary_personas": [], "pain_points": ["skill-building"], "answers": ["how-do-i-learn-modeling"], "concepts": ["modeling"], "format": "how-to", "related_articles": ["modeling-for-team-play-1-light-sources-in-your-home", "talking-about-tugs-modeling-for-clarity-workshop", "managing-conceptual-debt-using-modeling-to-gain-understanding-1"]}, {"title": "Modeling For Team Play 1 Light Sources In Your Home", "slug": "modeling-for-team-play-1-light-sources-in-your-home", "url": "https://understandinggroup.com/ia-practice/modeling-for-team-play-1-light-sources-in-your-home", "category": "ia-practice", "char_count": 2200, "primary_persona": "sue", "secondary_personas": [], "pain_points": ["skill-building"], "answers": ["how-do-i-learn-modeling"], "concepts": ["modeling"], "format": "how-to", "related_articles": ["model-play-session-2-relationships-of-books-within-your-home", "talking-about-tugs-modeling-for-clarity-workshop", "managing-conceptual-debt-using-modeling-to-gain-understanding-1"]}, {"title": "Five Ways To Tell If You Suffer From Conceptual Debt", "slug": "five-ways-to-tell-if-you-suffer-from-conceptual-debt", "url": "https://understandinggroup.com/ia-practice/five-ways-to-tell-if-you-suffer-from-conceptual-debt", "category": "ia-practice", "char_count": 3309, "primary_persona": "ben", "secondary_personas": ["sara"], "pain_points": ["product-decisions", "demonstrating-impact"], "answers": ["why-isnt-this-working"], "concepts": ["conceptual-debt"], "format": "thought-leadership", "related_articles": ["managing-conceptual-debt-using-modeling-to-gain-understanding-1", "how-conceptual-models-avoid-failure-in-digital-projects", "is-your-companys-complexity-essential-or-artificial"]}, {"title": "Intension Modeling Gains Alignment 1", "slug": "intension-modeling-gains-alignment-1", "url": "https://understandinggroup.com/ia-practice/intension-modeling-gains-alignment-1", "category": "ia-practice", "char_count": 3500, "primary_persona": "sue", "secondary_personas": ["ben", "sara"], "pain_points": ["organizational-buy-in", "team-integration"], "answers": ["how-do-we-get-aligned"], "concepts": ["modeling", "alignment", "in-tension"], "format": "framework", "related_articles": ["reimagining-collaboration-a-playful-approach-to-facilitating-our-in-tension-alignment-workshop", "talking-about-tugs-information-architecture-staycation-workshop", "talking-about-tugs-modeling-for-clarity-workshop"]}, {"title": "Plain Language Model Amp Guide", "slug": "plain-language-model-amp-guide", "url": "https://understandinggroup.com/ia-practice/plain-language-model-amp-guide", "category": "ia-practice", "char_count": 4924, "primary_persona": "laura", "secondary_personas": ["sue"], "pain_points": ["digital-strategy", "trust-building"], "answers": ["how-can-i-make-it-better"], "concepts": ["plain-language", "modeling"], "format": "how-to", "related_articles": ["beyond-jargon-the-power-of-plain-language-in-information-architecture", "talking-about-tugs-modeling-for-clarity-workshop", "ia-in-a-world-of-bullsht"]}, {"title": "Is Your Companys Complexity Essential Or Artificial", "slug": "is-your-companys-complexity-essential-or-artificial", "url": "https://understandinggroup.com/ia-practice/is-your-companys-complexity-essential-or-artificial", "category": "ia-practice", "char_count": 6674, "primary_persona": "sara", "secondary_personas": ["ben"], "pain_points": ["limited-resources", "demonstrating-impact"], "answers": ["whats-the-roi"], "concepts": ["complexity"], "format": "thought-leadership", "related_articles": ["talking-about-tugs-modeling-for-clarity-workshop", "leading-your-team-in-the-face-of-ai", "five-ways-to-tell-if-you-suffer-from-conceptual-debt"]}, {"title": "Dan Klyns Sermon Notes For Wiad Bristol 2021", "slug": "dan-klyns-sermon-notes-for-wiad-bristol-2021", "url": "https://understandinggroup.com/ia-practice/dan-klyns-sermon-notes-for-wiad-bristol-2021", "category": "ia-practice", "char_count": 18348, "primary_persona": "sue", "secondary_personas": [], "pain_points": ["ia-understanding"], "answers": ["what-is-ia-really"], "concepts": ["ia-foundations", "otc"], "format": "thought-leadership", "related_articles": ["talking-about-tugs-information-architecture-staycation-workshop", "ia-in-a-world-of-bullsht", "otc"]}, {"title": "Talking About Tugs Information Architecture Staycation Workshop", "slug": "talking-about-tugs-information-architecture-staycation-workshop", "url": "https://understandinggroup.com/ia-practice/talking-about-tugs-information-architecture-staycation-workshop", "category": "ia-practice", "char_count": 7046, "primary_persona": "sue", "secondary_personas": ["sara"], "pain_points": ["skill-building", "ia-understanding"], "answers": ["how-do-i-learn-ia"], "concepts": ["ia-foundations"], "format": "interview", "related_articles": ["learn-about-the-three-core-tenets-of-information-architecture-with-dan-klyn", "talking-about-tugs-modeling-for-clarity-workshop", "otc"]}, {"title": "Talking About Tugs Modeling For Clarity Workshop", "slug": "talking-about-tugs-modeling-for-clarity-workshop", "url": "https://understandinggroup.com/ia-practice/talking-about-tugs-modeling-for-clarity-workshop", "category": "ia-practice", "char_count": 8508, "primary_persona": "sue", "secondary_personas": ["ben"], "pain_points": ["skill-building"], "answers": ["how-do-i-learn-modeling"], "concepts": ["modeling"], "format": "interview", "related_articles": ["talking-about-tugs-information-architecture-staycation-workshop", "reimagining-collaboration-a-playful-approach-to-facilitating-our-in-tension-alignment-workshop", "model-play-session-2-relationships-of-books-within-your-home"]}, {"title": "Graceful Change For Intranet Communities", "slug": "graceful-change-for-intranet-communities", "url": "https://understandinggroup.com/ia-practice/graceful-change-for-intranet-communities", "category": "ia-practice", "char_count": 4690, "primary_persona": "laura", "secondary_personas": ["sue"], "pain_points": ["fast-changing-landscape", "digital-strategy"], "answers": ["how-do-we-improve-incrementally"], "concepts": ["shearing-layers"], "format": "how-to", "related_articles": ["information-architecture-and-incremental-website-improvement", "why-do-we-still-build-websites-like-its-1999", "ia-in-a-world-of-bullsht"]}, {"title": "How Was Your Last Site Redesign", "slug": "how-was-your-last-site-redesign", "url": "https://understandinggroup.com/ia-practice/how-was-your-last-site-redesign", "category": "ia-practice", "char_count": 1667, "primary_persona": "laura", "secondary_personas": ["sue"], "pain_points": ["digital-strategy"], "answers": ["how-can-i-make-it-better"], "concepts": ["ia-foundations"], "format": "thought-leadership", "related_articles": ["why-do-we-still-build-websites-like-its-1999", "four-objections-developers-have-about-information-architecture", "fix-digital-strategy-with-information-architecture"]}, {"title": "Tell Better Stories With Proportional Analysis", "slug": "tell-better-stories-with-proportional-analysis", "url": "https://understandinggroup.com/ia-practice/tell-better-stories-with-proportional-analysis", "category": "ia-practice", "char_count": 6830, "primary_persona": "laura", "secondary_personas": ["ben"], "pain_points": ["demonstrating-impact", "need-better-metrics"], "answers": ["how-do-i-communicate-this"], "concepts": ["modeling", "analysis"], "format": "how-to", "related_articles": ["talking-about-tugs-modeling-for-clarity-workshop", "learn-about-the-three-core-tenets-of-information-architecture-with-dan-klyn", "ia-in-a-world-of-bullsht"]}, {"title": "Leading Your Team In The Face Of Ai", "slug": "leading-your-team-in-the-face-of-ai", "url": "https://understandinggroup.com/ia-theory/leading-your-team-in-the-face-of-ai", "category": "ia-theory", "char_count": 4504, "primary_persona": "sara", "secondary_personas": ["laura"], "pain_points": ["ai-anxiety", "demonstrating-impact"], "answers": ["how-will-ai-change-my-world"], "concepts": ["pace-layers", "ai-strategy"], "format": "thought-leadership", "related_articles": ["ethical-ai-beyond-application-to-integration", "it-takes-a-village-unlocking-ai-success-through-an-ai-center-of-excellence", "communicators-in-higher-education-are-pivotal-to-ethical-ai-integration"]}, {"title": "Ethical Ai Integration With The Aligned Groups Framework", "slug": "ethical-ai-integration-with-the-aligned-groups-framework", "url": "https://understandinggroup.com/ia-theory/ethical-ai-integration-with-the-aligned-groups-framework", "category": "ia-theory", "char_count": 2308, "primary_persona": "sara", "secondary_personas": ["laura"], "pain_points": ["ai-anxiety", "organizational-alignment"], "answers": ["how-do-we-do-ai-responsibly"], "concepts": ["ai-ethics", "alignment"], "format": "framework", "related_articles": ["communicators-in-higher-education-are-pivotal-to-ethical-ai-integration", "ethical-ai-beyond-application-to-integration", "leading-your-team-in-the-face-of-ai"]}, {"title": "It Takes A Village Unlocking Ai Success Through An Ai Center Of Excellence", "slug": "it-takes-a-village-unlocking-ai-success-through-an-ai-center-of-excellence", "url": "https://understandinggroup.com/ia-theory/it-takes-a-village-unlocking-ai-success-through-an-ai-center-of-excellence", "category": "ia-theory", "char_count": 11812, "primary_persona": "sara", "secondary_personas": ["laura"], "pain_points": ["ai-anxiety", "organizational-alignment"], "answers": ["how-do-we-organize-for-ai"], "concepts": ["ai-strategy", "governance"], "format": "framework", "related_articles": ["leading-your-team-in-the-face-of-ai", "ethical-ai-beyond-application-to-integration", "communicators-in-higher-education-are-pivotal-to-ethical-ai-integration"]}, {"title": "Information Architecture Is A Best Practice Now So Bring On The Metrics", "slug": "information-architecture-is-a-best-practice-now-so-bring-on-the-metrics", "url": "https://understandinggroup.com/ia-theory/information-architecture-is-a-best-practice-now-so-bring-on-the-metrics", "category": "ia-theory", "char_count": 4630, "primary_persona": "sara", "secondary_personas": ["ben"], "pain_points": ["demonstrating-impact", "need-better-metrics"], "answers": ["whats-the-roi"], "concepts": ["metrics", "ia-foundations"], "format": "thought-leadership", "related_articles": ["help-your-product-managers-succeed-with-blueprints", "talking-about-tugs-information-architecture-staycation-workshop", "learn-about-the-three-core-tenets-of-information-architecture-with-dan-klyn"]}, {"title": "Otc", "slug": "otc", "url": "https://understandinggroup.com/ia-theory/otc", "category": "ia-theory", "char_count": 5799, "primary_persona": "sue", "secondary_personas": [], "pain_points": ["ia-understanding"], "answers": ["what-is-ia-really"], "concepts": ["otc", "ia-foundations"], "format": "framework", "related_articles": ["talking-about-tugs-information-architecture-staycation-workshop", "learn-about-the-three-core-tenets-of-information-architecture-with-dan-klyn", "ia-in-a-world-of-bullsht"]}, {"title": "Politics Of Classification Resmini", "slug": "politics-of-classification-resmini", "url": "https://understandinggroup.com/ia-theory/politics-of-classification-resmini", "category": "ia-theory", "char_count": 423, "primary_persona": "sue", "secondary_personas": ["sara"], "pain_points": ["ai-anxiety", "ia-understanding"], "answers": ["how-does-ai-affect-ia"], "concepts": ["taxonomies", "ai-ethics"], "format": "thought-leadership", "related_articles": ["talking-about-tugs-information-architecture-staycation-workshop", "beyond-jargon-the-power-of-plain-language-in-information-architecture", "plain-language-model-amp-guide"]}, {"title": "How Conceptual Models Avoid Failure In Digital Projects", "slug": "how-conceptual-models-avoid-failure-in-digital-projects", "url": "https://understandinggroup.com/ia-theory/how-conceptual-models-avoid-failure-in-digital-projects", "category": "ia-theory", "char_count": 7326, "primary_persona": "ben", "secondary_personas": ["sue"], "pain_points": ["product-decisions", "organizational-alignment"], "answers": ["how-do-we-avoid-failure"], "concepts": ["modeling", "alignment"], "format": "thought-leadership", "related_articles": ["making-use-of-blueprints-to-improve-your-agile-projects", "managing-conceptual-debt-using-modeling-to-gain-understanding-1", "bring-innovation-back-to-agile-by-adding-information-architecture"]}, {"title": "Communicators In Higher Education Are Pivotal To Ethical Ai Integration", "slug": "communicators-in-higher-education-are-pivotal-to-ethical-ai-integration", "url": "https://understandinggroup.com/ia-theory/communicators-in-higher-education-are-pivotal-to-ethical-ai-integration", "category": "ia-theory", "char_count": 10821, "primary_persona": "sara", "secondary_personas": ["laura"], "pain_points": ["ai-anxiety"], "answers": ["how-do-we-do-ai-responsibly"], "concepts": ["ai-ethics"], "format": "thought-leadership", "related_articles": ["ethical-ai-beyond-application-to-integration", "leading-your-team-in-the-face-of-ai", "ethical-ai-integration-with-the-aligned-groups-framework"]}, {"title": "Ethical Ai Beyond Application To Integration", "slug": "ethical-ai-beyond-application-to-integration", "url": "https://understandinggroup.com/ia-theory/ethical-ai-beyond-application-to-integration", "category": "ia-theory", "char_count": 5608, "primary_persona": "sara", "secondary_personas": [], "pain_points": ["ai-anxiety"], "answers": ["how-do-we-do-ai-responsibly"], "concepts": ["ai-ethics"], "format": "thought-leadership", "related_articles": ["leading-your-team-in-the-face-of-ai", "communicators-in-higher-education-are-pivotal-to-ethical-ai-integration", "it-takes-a-village-unlocking-ai-success-through-an-ai-center-of-excellence"]}, {"title": "Iac2023Recap", "slug": "iac2023recap", "url": "https://understandinggroup.com/ia-theory/iac2023recap", "category": "ia-theory", "char_count": 6839, "primary_persona": "sue", "secondary_personas": [], "pain_points": ["skill-building"], "answers": ["what-is-happening-in-ia"], "concepts": ["ia-foundations"], "format": "case-study", "related_articles": ["beyond-jargon-the-power-of-plain-language-in-information-architecture", "talking-about-tugs-information-architecture-staycation-workshop", "plain-language-model-amp-guide"]}, {"title": "Ia In A World Of Bullsht", "slug": "ia-in-a-world-of-bullsht", "url": "https://understandinggroup.com/ia-theory/ia-in-a-world-of-bullsht", "category": "ia-theory", "char_count": 8322, "primary_persona": "sue", "secondary_personas": ["sara"], "pain_points": ["ai-anxiety", "ia-understanding"], "answers": ["how-does-ai-affect-ia"], "concepts": ["ai-ethics", "ia-foundations"], "format": "thought-leadership", "related_articles": ["learn-about-the-three-core-tenets-of-information-architecture-with-dan-klyn", "talking-about-tugs-information-architecture-staycation-workshop", "why-do-we-still-build-websites-like-its-1999"]}, {"title": "Bring Innovation Back To Agile By Adding Information Architecture", "slug": "bring-innovation-back-to-agile-by-adding-information-architecture", "url": "https://understandinggroup.com/ia-theory/bring-innovation-back-to-agile-by-adding-information-architecture", "category": "ia-theory", "char_count": 3519, "primary_persona": "ben", "secondary_personas": ["sue"], "pain_points": ["product-decisions", "team-integration"], "answers": ["how-will-you-work-with-my-dev-team"], "concepts": ["blueprints", "agile"], "format": "thought-leadership", "related_articles": ["is-your-company-blindly-building-software", "making-use-of-blueprints-to-improve-your-agile-projects", "four-objections-developers-have-about-information-architecture"]}, {"title": "Making Use Of Blueprints To Improve Your Agile Projects", "slug": "making-use-of-blueprints-to-improve-your-agile-projects", "url": "https://understandinggroup.com/ia-theory/making-use-of-blueprints-to-improve-your-agile-projects", "category": "ia-theory", "char_count": 4361, "primary_persona": "ben", "secondary_personas": ["sue"], "pain_points": ["product-decisions", "team-integration"], "answers": ["how-will-you-work-with-my-dev-team"], "concepts": ["blueprints", "agile"], "format": "how-to", "related_articles": ["how-conceptual-models-avoid-failure-in-digital-projects", "help-your-product-managers-succeed-with-blueprints", "bring-innovation-back-to-agile-by-adding-information-architecture"]}, {"title": "Is Your Company Blindly Building Software", "slug": "is-your-company-blindly-building-software", "url": "https://understandinggroup.com/ia-theory/is-your-company-blindly-building-software", "category": "ia-theory", "char_count": 4029, "primary_persona": "ben", "secondary_personas": ["sara"], "pain_points": ["product-decisions", "organizational-alignment"], "answers": ["why-do-our-projects-fail"], "concepts": ["blueprints"], "format": "thought-leadership", "related_articles": ["bring-innovation-back-to-agile-by-adding-information-architecture", "four-objections-developers-have-about-information-architecture", "how-conceptual-models-avoid-failure-in-digital-projects"]}, {"title": "Rigorous Modeling Frameworks For Deep Understanding", "slug": "rigorous-modeling-frameworks-for-deep-understanding", "url": "https://understandinggroup.com/ia-theory/rigorous-modeling-frameworks-for-deep-understanding", "category": "ia-theory", "char_count": 3461, "primary_persona": "sue", "secondary_personas": ["ben"], "pain_points": ["skill-building", "organizational-alignment"], "answers": ["how-do-we-get-clarity"], "concepts": ["modeling"], "format": "thought-leadership", "related_articles": ["talking-about-tugs-modeling-for-clarity-workshop", "managing-conceptual-debt-using-modeling-to-gain-understanding-1", "talking-about-tugs-information-architecture-staycation-workshop"]}, {"title": "Information Architecture And Incremental Website Improvement", "slug": "information-architecture-and-incremental-website-improvement", "url": "https://understandinggroup.com/ia-theory/information-architecture-and-incremental-website-improvement", "category": "ia-theory", "char_count": 4121, "primary_persona": "laura", "secondary_personas": ["sue"], "pain_points": ["fast-changing-landscape", "digital-strategy"], "answers": ["how-do-we-improve-incrementally"], "concepts": ["shearing-layers"], "format": "framework", "related_articles": ["graceful-change-for-intranet-communities", "why-do-we-still-build-websites-like-its-1999", "ia-in-a-world-of-bullsht"]}, {"title": "Fix Digital Strategy With Information Architecture", "slug": "fix-digital-strategy-with-information-architecture", "url": "https://understandinggroup.com/ia-theory/fix-digital-strategy-with-information-architecture", "category": "ia-theory", "char_count": 4802, "primary_persona": "laura", "secondary_personas": ["sara"], "pain_points": ["digital-strategy"], "answers": ["whats-the-strategy"], "concepts": ["ia-foundations"], "format": "thought-leadership", "related_articles": ["why-do-we-still-build-websites-like-its-1999", "talking-about-tugs-information-architecture-staycation-workshop", "learn-about-the-three-core-tenets-of-information-architecture-with-dan-klyn"]}, {"title": "Four Objections Developers Have About Information Architecture", "slug": "four-objections-developers-have-about-information-architecture", "url": "https://understandinggroup.com/ia-theory/four-objections-developers-have-about-information-architecture", "category": "ia-theory", "char_count": 6270, "primary_persona": "ben", "secondary_personas": ["sue"], "pain_points": ["team-integration"], "answers": ["how-is-ia-different-from-ux", "how-will-you-work-with-my-dev-team"], "concepts": ["ia-foundations", "agile"], "format": "thought-leadership", "related_articles": ["why-do-we-still-build-websites-like-its-1999", "bring-innovation-back-to-agile-by-adding-information-architecture", "is-your-company-blindly-building-software"]}, {"title": "Why Do We Still Build Websites Like Its 1999", "slug": "why-do-we-still-build-websites-like-its-1999", "url": "https://understandinggroup.com/ia-theory/why-do-we-still-build-websites-like-its-1999", "category": "ia-theory", "char_count": 3151, "primary_persona": "laura", "secondary_personas": ["sue"], "pain_points": ["digital-strategy", "fast-changing-landscape"], "answers": ["whats-the-strategy"], "concepts": ["ia-foundations"], "format": "thought-leadership", "related_articles": ["four-objections-developers-have-about-information-architecture", "how-was-your-last-site-redesign", "ia-in-a-world-of-bullsht"]}, {"title": "Good Web Design Creates Joyful User Experiences", "slug": "good-web-design-creates-joyful-user-experiences", "url": "https://understandinggroup.com/ia-theory/good-web-design-creates-joyful-user-experiences", "category": "ia-theory", "char_count": 4749, "primary_persona": "sue", "secondary_personas": ["laura", "ben"], "pain_points": ["customer-delight"], "answers": ["how-do-we-delight-users"], "concepts": ["ux", "ia-foundations"], "format": "thought-leadership", "related_articles": ["applying-a-service-design-lens-to-information-architecture-practice", "ia-in-a-world-of-bullsht", "why-do-we-still-build-websites-like-its-1999"]}], "similarity": [[1.0, 0.107, 0.065, 0.091, 0.065, 0.115, 0.108, 0.034, 0.026, 0.021, 0.048, 0.086, 0.068, 0.054, 0.054, 0.112, 0.1, 0.058, 0.088, 0.039, 0.118, 0.038, 0.049, 0.073, 0.045, 0.03, 0.137, 0.059, 0.064, 0.076, 0.089, 0.148, 0.132, 0.119, 0.057, 0.076, 0.083, 0.171, 0.121, 0.068], [0.107, 1.0, 0.073, 0.087, 0.092, 0.116, 0.068, 0.064, 0.061, 0.037, 0.046, 0.083, 0.115, 0.088, 0.074, 0.116, 0.144, 0.113, 0.117, 0.108, 0.11, 0.048, 0.076, 0.07, 0.099, 0.054, 0.119, 0.054, 0.08, 0.086, 0.149, 0.133, 0.09, 0.093, 0.082, 0.17, 0.11, 0.096, 0.122, 0.094], [0.065, 0.073, 1.0, 0.112, 0.073, 0.168, 0.107, 0.205, 0.139, 0.137, 0.042, 0.417, 0.09, 0.082, 0.105, 0.256, 0.271, 0.063, 0.08, 0.06, 0.123, 0.092, 0.081, 0.081, 0.07, 0.047, 0.103, 0.104, 0.102, 0.117, 0.163, 0.12, 0.098, 0.133, 0.149, 0.096, 0.127, 0.116, 0.116, 0.108], [0.091, 0.087, 0.112, 1.0, 0.097, 0.179, 0.251, 0.101, 0.066, 0.051, 0.067, 0.126, 0.094, 0.088, 0.095, 0.17, 0.147, 0.084, 0.113, 0.076, 0.121, 0.112, 0.097, 0.162, 0.105, 0.042, 0.139, 0.076, 0.11, 0.113, 0.169, 0.137, 0.171, 0.127, 0.088, 0.094, 0.138, 0.185, 0.164, 0.198], [0.065, 0.092, 0.073, 0.097, 1.0, 0.127, 0.094, 0.05, 0.043, 0.038, 0.041, 0.075, 0.602, 0.062, 0.092, 0.157, 0.15, 0.073, 0.051, 0.105, 0.088, 0.054, 0.054, 0.105, 0.086, 0.171, 0.064, 0.072, 0.091, 0.209, 0.163, 0.097, 0.084, 0.077, 0.106, 0.111, 0.106, 0.111, 0.184, 0.088], [0.115, 0.116, 0.168, 0.179, 0.127, 1.0, 0.22, 0.093, 0.054, 0.061, 0.052, 0.152, 0.134, 0.072, 0.1, 0.396, 0.185, 0.106, 0.128, 0.151, 0.113, 0.109, 0.074, 0.202, 0.175, 0.16, 0.131, 0.12, 0.08, 0.175, 0.287, 0.239, 0.117, 0.18, 0.09, 0.152, 0.184, 0.224, 0.19, 0.11], [0.108, 0.068, 0.107, 0.251, 0.094, 0.22, 1.0, 0.057, 0.035, 0.033, 0.074, 0.088, 0.095, 0.069, 0.077, 0.188, 0.127, 0.062, 0.068, 0.071, 0.098, 0.06, 0.069, 0.304, 0.104, 0.101, 0.258, 0.077, 0.073, 0.105, 0.181, 0.232, 0.37, 0.25, 0.034, 0.079, 0.14, 0.243, 0.169, 0.073], [0.034, 0.064, 0.205, 0.101, 0.05, 0.093, 0.057, 1.0, 0.164, 0.138, 0.702, 0.143, 0.095, 0.083, 0.041, 0.182, 0.264, 0.048, 0.041, 0.085, 0.095, 0.083, 0.083, 0.06, 0.068, 0.023, 0.327, 0.056, 0.065, 0.071, 0.091, 0.153, 0.1, 0.142, 0.203, 0.026, 0.071, 0.095, 0.053, 0.067], [0.026, 0.061, 0.139, 0.066, 0.043, 0.054, 0.035, 0.164, 1.0, 0.326, 0.027, 0.092, 0.05, 0.04, 0.075, 0.138, 0.27, 0.036, 0.044, 0.107, 0.04, 0.028, 0.028, 0.028, 0.059, 0.013, 0.086, 0.032, 0.025, 0.046, 0.069, 0.1, 0.056, 0.079, 0.134, 0.025, 0.045, 0.052, 0.041, 0.043], [0.021, 0.037, 0.137, 0.051, 0.038, 0.061, 0.033, 0.138, 0.326, 1.0, 0.028, 0.057, 0.049, 0.043, 0.075, 0.12, 0.231, 0.014, 0.037, 0.116, 0.047, 0.024, 0.029, 0.039, 0.045, 0.028, 0.072, 0.032, 0.021, 0.061, 0.065, 0.08, 0.044, 0.086, 0.103, 0.018, 0.047, 0.047, 0.028, 0.034], [0.048, 0.046, 0.042, 0.067, 0.041, 0.052, 0.074, 0.702, 0.027, 0.028, 1.0, 0.072, 0.06, 0.138, 0.044, 0.089, 0.078, 0.065, 0.06, 0.034, 0.078, 0.04, 0.057, 0.066, 0.047, 0.027, 0.288, 0.036, 0.044, 0.046, 0.069, 0.11, 0.07, 0.11, 0.069, 0.032, 0.083, 0.101, 0.071, 0.052], [0.086, 0.083, 0.417, 0.126, 0.075, 0.152, 0.088, 0.143, 0.092, 0.057, 0.072, 1.0, 0.097, 0.091, 0.079, 0.162, 0.159, 0.109, 0.11, 0.059, 0.146, 0.073, 0.056, 0.093, 0.056, 0.081, 0.139, 0.085, 0.095, 0.078, 0.142, 0.154, 0.093, 0.138, 0.134, 0.106, 0.131, 0.153, 0.146, 0.116], [0.068, 0.115, 0.09, 0.094, 0.602, 0.134, 0.095, 0.095, 0.05, 0.049, 0.06, 0.097, 1.0, 0.088, 0.088, 0.193, 0.229, 0.131, 0.113, 0.097, 0.116, 0.047, 0.059, 0.119, 0.099, 0.17, 0.094, 0.073, 0.094, 0.19, 0.205, 0.14, 0.087, 0.135, 0.1, 0.151, 0.129, 0.147, 0.165, 0.125], [0.054, 0.088, 0.082, 0.088, 0.062, 0.072, 0.069, 0.083, 0.04, 0.043, 0.138, 0.091, 0.088, 1.0, 0.053, 0.078, 0.173, 0.079, 0.12, 0.054, 0.15, 0.12, 0.062, 0.101, 0.06, 0.081, 0.084, 0.07, 0.077, 0.071, 0.089, 0.069, 0.045, 0.095, 0.056, 0.07, 0.088, 0.082, 0.053, 0.1], [0.054, 0.074, 0.105, 0.095, 0.092, 0.1, 0.077, 0.041, 0.075, 0.075, 0.044, 0.079, 0.088, 0.053, 1.0, 0.171, 0.133, 0.075, 0.062, 0.078, 0.058, 0.037, 0.038, 0.079, 0.139, 0.081, 0.079, 0.083, 0.053, 0.108, 0.163, 0.078, 0.078, 0.092, 0.052, 0.064, 0.074, 0.087, 0.105, 0.09], [0.112, 0.116, 0.256, 0.17, 0.157, 0.396, 0.188, 0.182, 0.138, 0.12, 0.089, 0.162, 0.193, 0.078, 0.171, 1.0, 0.36, 0.088, 0.107, 0.112, 0.107, 0.092, 0.063, 0.228, 0.3, 0.228, 0.117, 0.088, 0.078, 0.194, 0.282, 0.171, 0.118, 0.182, 0.185, 0.125, 0.211, 0.202, 0.236, 0.146], [0.1, 0.144, 0.271, 0.147, 0.15, 0.185, 0.127, 0.264, 0.27, 0.231, 0.078, 0.159, 0.229, 0.173, 0.133, 0.36, 1.0, 0.113, 0.114, 0.152, 0.168, 0.055, 0.089, 0.173, 0.145, 0.094, 0.209, 0.067, 0.122, 0.182, 0.254, 0.228, 0.169, 0.202, 0.262, 0.111, 0.168, 0.154, 0.173, 0.102], [0.058, 0.113, 0.063, 0.084, 0.073, 0.106, 0.062, 0.048, 0.036, 0.014, 0.065, 0.109, 0.131, 0.079, 0.075, 0.088, 0.113, 1.0, 0.147, 0.098, 0.051, 0.051, 0.069, 0.082, 0.053, 0.034, 0.074, 0.045, 0.06, 0.111, 0.159, 0.104, 0.054, 0.143, 0.071, 0.471, 0.113, 0.121, 0.17, 0.094], [0.088, 0.117, 0.08, 0.113, 0.051, 0.128, 0.068, 0.041, 0.044, 0.037, 0.06, 0.11, 0.113, 0.12, 0.062, 0.107, 0.114, 0.147, 1.0, 0.081, 0.089, 0.037, 0.062, 0.134, 0.056, 0.02, 0.103, 0.056, 0.071, 0.045, 0.145, 0.097, 0.078, 0.116, 0.06, 0.079, 0.165, 0.21, 0.285, 0.111], [0.039, 0.108, 0.06, 0.076, 0.105, 0.151, 0.071, 0.085, 0.107, 0.116, 0.034, 0.059, 0.097, 0.054, 0.078, 0.112, 0.152, 0.098, 0.081, 1.0, 0.075, 0.03, 0.054, 0.078, 0.081, 0.037, 0.112, 0.051, 0.082, 0.065, 0.117, 0.092, 0.091, 0.094, 0.075, 0.089, 0.105, 0.073, 0.09, 0.065], [0.118, 0.11, 0.123, 0.121, 0.088, 0.113, 0.098, 0.095, 0.04, 0.047, 0.078, 0.146, 0.116, 0.15, 0.058, 0.107, 0.168, 0.051, 0.089, 0.075, 1.0, 0.338, 0.464, 0.107, 0.053, 0.16, 0.102, 0.38, 0.555, 0.113, 0.226, 0.148, 0.097, 0.171, 0.104, 0.06, 0.157, 0.082, 0.132, 0.065], [0.038, 0.048, 0.092, 0.112, 0.054, 0.109, 0.06, 0.083, 0.028, 0.024, 0.04, 0.073, 0.047, 0.12, 0.037, 0.092, 0.055, 0.051, 0.037, 0.03, 0.338, 1.0, 0.302, 0.066, 0.037, 0.074, 0.054, 0.372, 0.342, 0.119, 0.132, 0.066, 0.049, 0.094, 0.081, 0.068, 0.064, 0.074, 0.039, 0.064], [0.049, 0.076, 0.081, 0.097, 0.054, 0.074, 0.069, 0.083, 0.028, 0.029, 0.057, 0.056, 0.059, 0.062, 0.038, 0.063, 0.089, 0.069, 0.062, 0.054, 0.464, 0.302, 1.0, 0.122, 0.033, 0.11, 0.068, 0.338, 0.383, 0.099, 0.116, 0.081, 0.059, 0.116, 0.073, 0.061, 0.1, 0.08, 0.081, 0.039], [0.073, 0.07, 0.081, 0.162, 0.105, 0.202, 0.304, 0.06, 0.028, 0.039, 0.066, 0.093, 0.119, 0.101, 0.079, 0.228, 0.173, 0.082, 0.134, 0.078, 0.107, 0.066, 0.122, 1.0, 0.153, 0.091, 0.145, 0.114, 0.101, 0.158, 0.162, 0.175, 0.064, 0.181, 0.064, 0.069, 0.167, 0.171, 0.125, 0.083], [0.045, 0.099, 0.07, 0.105, 0.086, 0.175, 0.104, 0.068, 0.059, 0.045, 0.047, 0.056, 0.099, 0.06, 0.139, 0.3, 0.145, 0.053, 0.056, 0.081, 0.053, 0.037, 0.033, 0.153, 1.0, 0.149, 0.08, 0.043, 0.056, 0.145, 0.165, 0.086, 0.063, 0.11, 0.058, 0.06, 0.094, 0.138, 0.115, 0.075], [0.03, 0.054, 0.047, 0.042, 0.171, 0.16, 0.101, 0.023, 0.013, 0.028, 0.027, 0.081, 0.17, 0.081, 0.081, 0.228, 0.094, 0.034, 0.02, 0.037, 0.16, 0.074, 0.11, 0.091, 0.149, 1.0, 0.039, 0.119, 0.156, 0.1, 0.158, 0.079, 0.047, 0.027, 0.059, 0.062, 0.043, 0.087, 0.094, 0.028], [0.137, 0.119, 0.103, 0.139, 0.064, 0.131, 0.258, 0.327, 0.086, 0.072, 0.288, 0.139, 0.094, 0.084, 0.079, 0.117, 0.209, 0.074, 0.103, 0.112, 0.102, 0.054, 0.068, 0.145, 0.08, 0.039, 1.0, 0.081, 0.096, 0.089, 0.135, 0.308, 0.567, 0.292, 0.105, 0.059, 0.123, 0.303, 0.145, 0.082], [0.059, 0.054, 0.104, 0.076, 0.072, 0.12, 0.077, 0.056, 0.032, 0.032, 0.036, 0.085, 0.073, 0.07, 0.083, 0.088, 0.067, 0.045, 0.056, 0.051, 0.38, 0.372, 0.338, 0.114, 0.043, 0.119, 0.081, 1.0, 0.419, 0.093, 0.157, 0.078, 0.069, 0.089, 0.047, 0.046, 0.088, 0.08, 0.074, 0.093], [0.064, 0.08, 0.102, 0.11, 0.091, 0.08, 0.073, 0.065, 0.025, 0.021, 0.044, 0.095, 0.094, 0.077, 0.053, 0.078, 0.122, 0.06, 0.071, 0.082, 0.555, 0.342, 0.383, 0.101, 0.056, 0.156, 0.096, 0.419, 1.0, 0.103, 0.172, 0.087, 0.063, 0.106, 0.046, 0.06, 0.148, 0.079, 0.081, 0.052], [0.076, 0.086, 0.117, 0.113, 0.209, 0.175, 0.105, 0.071, 0.046, 0.061, 0.046, 0.078, 0.19, 0.071, 0.108, 0.194, 0.182, 0.111, 0.045, 0.065, 0.113, 0.119, 0.099, 0.158, 0.145, 0.1, 0.089, 0.093, 0.103, 1.0, 0.184, 0.088, 0.073, 0.098, 0.088, 0.14, 0.109, 0.123, 0.136, 0.102], [0.089, 0.149, 0.163, 0.169, 0.163, 0.287, 0.181, 0.091, 0.069, 0.065, 0.069, 0.142, 0.205, 0.089, 0.163, 0.282, 0.254, 0.159, 0.145, 0.117, 0.226, 0.132, 0.116, 0.162, 0.165, 0.158, 0.135, 0.157, 0.172, 0.184, 1.0, 0.185, 0.118, 0.163, 0.128, 0.187, 0.178, 0.197, 0.282, 0.18], [0.148, 0.133, 0.12, 0.137, 0.097, 0.239, 0.232, 0.153, 0.1, 0.08, 0.11, 0.154, 0.14, 0.069, 0.078, 0.171, 0.228, 0.104, 0.097, 0.092, 0.148, 0.066, 0.081, 0.175, 0.086, 0.079, 0.308, 0.078, 0.087, 0.088, 0.185, 1.0, 0.363, 0.378, 0.129, 0.118, 0.119, 0.329, 0.179, 0.106], [0.132, 0.09, 0.098, 0.171, 0.084, 0.117, 0.37, 0.1, 0.056, 0.044, 0.07, 0.093, 0.087, 0.045, 0.078, 0.118, 0.169, 0.054, 0.078, 0.091, 0.097, 0.049, 0.059, 0.064, 0.063, 0.047, 0.567, 0.069, 0.063, 0.073, 0.118, 0.363, 1.0, 0.255, 0.101, 0.075, 0.088, 0.292, 0.187, 0.081], [0.119, 0.093, 0.133, 0.127, 0.077, 0.18, 0.25, 0.142, 0.079, 0.086, 0.11, 0.138, 0.135, 0.095, 0.092, 0.182, 0.202, 0.143, 0.116, 0.094, 0.171, 0.094, 0.116, 0.181, 0.11, 0.027, 0.292, 0.089, 0.106, 0.098, 0.163, 0.378, 0.255, 1.0, 0.136, 0.09, 0.114, 0.303, 0.158, 0.1], [0.057, 0.082, 0.149, 0.088, 0.106, 0.09, 0.034, 0.203, 0.134, 0.103, 0.069, 0.134, 0.1, 0.056, 0.052, 0.185, 0.262, 0.071, 0.06, 0.075, 0.104, 0.081, 0.073, 0.064, 0.058, 0.059, 0.105, 0.047, 0.046, 0.088, 0.128, 0.129, 0.101, 0.136, 1.0, 0.064, 0.062, 0.113, 0.092, 0.084], [0.076, 0.17, 0.096, 0.094, 0.111, 0.152, 0.079, 0.026, 0.025, 0.018, 0.032, 0.106, 0.151, 0.07, 0.064, 0.125, 0.111, 0.471, 0.079, 0.089, 0.06, 0.068, 0.061, 0.069, 0.06, 0.062, 0.059, 0.046, 0.06, 0.14, 0.187, 0.118, 0.075, 0.09, 0.064, 1.0, 0.106, 0.127, 0.218, 0.114], [0.083, 0.11, 0.127, 0.138, 0.106, 0.184, 0.14, 0.071, 0.045, 0.047, 0.083, 0.131, 0.129, 0.088, 0.074, 0.211, 0.168, 0.113, 0.165, 0.105, 0.157, 0.064, 0.1, 0.167, 0.094, 0.043, 0.123, 0.088, 0.148, 0.109, 0.178, 0.119, 0.088, 0.114, 0.062, 0.106, 1.0, 0.161, 0.26, 0.123], [0.171, 0.096, 0.116, 0.185, 0.111, 0.224, 0.243, 0.095, 0.052, 0.047, 0.101, 0.153, 0.147, 0.082, 0.087, 0.202, 0.154, 0.121, 0.21, 0.073, 0.082, 0.074, 0.08, 0.171, 0.138, 0.087, 0.303, 0.08, 0.079, 0.123, 0.197, 0.329, 0.292, 0.303, 0.113, 0.127, 0.161, 1.0, 0.358, 0.121], [0.121, 0.122, 0.116, 0.164, 0.184, 0.19, 0.169, 0.053, 0.041, 0.028, 0.071, 0.146, 0.165, 0.053, 0.105, 0.236, 0.173, 0.17, 0.285, 0.09, 0.132, 0.039, 0.081, 0.125, 0.115, 0.094, 0.145, 0.074, 0.081, 0.136, 0.282, 0.179, 0.187, 0.158, 0.092, 0.218, 0.26, 0.358, 1.0, 0.149], [0.068, 0.094, 0.108, 0.198, 0.088, 0.11, 0.073, 0.067, 0.043, 0.034, 0.052, 0.116, 0.125, 0.1, 0.09, 0.146, 0.102, 0.094, 0.111, 0.065, 0.065, 0.064, 0.039, 0.083, 0.075, 0.028, 0.082, 0.093, 0.052, 0.102, 0.18, 0.106, 0.081, 0.1, 0.084, 0.114, 0.123, 0.121, 0.149, 1.0]]}